200.00 0.00 0.00 214.2627 297.7435
200.00 20.00 0.00 226.6419 306.8645
200.00 40.00 0.00 228.3564 314.3918
200.00 60.00 0.00 239.4772 323.9749
200.00 80.00 0.00 245.2069 329.7931
200.00 100.00 0.00 251.7734 339.0150
200.00 120.00 0.00 261.5213 347.0148
200.00 140.00 0.00 272.9432 357.1872
200.00 160.00 0.00 281.9947 368.0102
200.00 180.00 0.00 291.8626 375.3146
200.00 200.00 0.00 298.1362 388.3383
180.00 200.00 0.00 311.3673 379.1758
160.00 200.00 0.00 323.2379 365.9815
140.00 200.00 0.00 335.3904 361.6404
120.00 200.00 0.00 346.5074 354.8716
100.00 200.00 0.00 360.2696 347.9236
80.00 200.00 0.00 369.5172 338.1977
60.00 200.00 0.00 379.8929 333.6778
40.00 200.00 0.00 387.4355 325.3209
20.00 200.00 0.00 400.9237 318.4992
0.00 200.00 0.00 407.9839 310.0333
200.00 0.00 40.00 212.0901 278.1616
200.00 20.00 40.00 219.1443 287.6034
200.00 40.00 40.00 227.2039 295.1391
200.00 60.00 40.00 234.1477 302.5981
200.00 80.00 40.00 244.1152 313.2368
200.00 100.00 40.00 256.6909 322.4714
200.00 120.00 40.00 262.3081 329.9645
200.00 140.00 40.00 270.0116 340.1539
200.00 160.00 40.00 278.0702 347.8289
200.00 180.00 40.00 287.9791 355.6716
200.00 200.00 40.00 296.1912 368.2594
180.00 200.00 40.00 313.7147 358.9413
160.00 200.00 40.00 324.8774 349.3365
140.00 200.00 40.00 335.6974 343.2797
120.00 200.00 40.00 348.6357 335.0236
100.00 200.00 40.00 359.7896 327.6392
80.00 200.00 40.00 371.5273 321.6397
60.00 200.00 40.00 381.0375 313.8731
40.00 200.00 40.00 393.0624 304.6439
20.00 200.00 40.00 401.2304 297.4244
0.00 200.00 40.00 415.0195 290.8032
200.00 0.00 80.00 208.6511 256.8024
200.00 20.00 80.00 214.8169 265.6893
200.00 40.00 80.00 224.9358 275.1429
200.00 60.00 80.00 231.5347 284.7544
200.00 80.00 80.00 240.0210 291.4141
200.00 100.00 80.00 250.9851 297.5663
200.00 120.00 80.00 260.1435 310.1258
200.00 140.00 80.00 270.6051 315.3554
200.00 160.00 80.00 279.7755 327.3520
200.00 180.00 80.00 288.3023 335.7659
200.00 200.00 80.00 301.4874 348.3749
180.00 200.00 80.00 313.8921 340.5014
160.00 200.00 80.00 323.3914 328.0448
140.00 200.00 80.00 334.6151 322.1824
120.00 200.00 80.00 349.3163 316.7477
100.00 200.00 80.00 360.0173 309.1191
80.00 200.00 80.00 375.4805 298.2058
60.00 200.00 80.00 382.3884 292.9032
40.00 200.00 80.00 393.4496 286.1679
20.00 200.00 80.00 401.9211 276.6238
0.00 200.00 80.00 413.3958 273.2518
200.00 0.00 120.00 203.6111 236.6953
200.00 20.00 120.00 215.8239 245.8726
200.00 40.00 120.00 221.0385 252.3458
200.00 60.00 120.00 230.3566 261.7000
200.00 80.00 120.00 240.3104 267.4862
200.00 100.00 120.00 248.6852 279.4726
200.00 120.00 120.00 257.1216 288.0900
200.00 140.00 120.00 267.6486 296.0621
200.00 160.00 120.00 276.4607 304.6679
200.00 180.00 120.00 284.8566 314.9760
200.00 200.00 120.00 297.5025 324.7114
180.00 200.00 120.00 309.7859 316.5802
160.00 200.00 120.00 324.8709 310.3729
140.00 200.00 120.00 334.2357 300.6528
120.00 200.00 120.00 353.9683 293.9730
100.00 200.00 120.00 359.1430 285.2194
80.00 200.00 120.00 375.8302 280.8483
60.00 200.00 120.00 383.4473 271.8709
40.00 200.00 120.00 392.8717 262.2108
20.00 200.00 120.00 408.5676 254.2701
0.00 200.00 120.00 419.7229 249.9467
200.00 0.00 160.00 200.7737 214.0944
200.00 20.00 160.00 210.9402 221.6926
200.00 40.00 160.00 218.7482 226.9443
200.00 60.00 160.00 226.7713 237.1103
200.00 80.00 160.00 239.1937 244.7587
200.00 100.00 160.00 244.7044 255.8364
200.00 120.00 160.00 252.6670 262.8293
200.00 140.00 160.00 267.2355 271.0881
200.00 160.00 160.00 272.1973 280.5274
200.00 180.00 160.00 286.6919 289.9880
200.00 200.00 160.00 296.4982 304.5064
180.00 200.00 160.00 312.5046 294.8237
160.00 200.00 160.00 324.1428 284.2479
140.00 200.00 160.00 339.7706 277.5727
120.00 200.00 160.00 349.4106 268.4992
100.00 200.00 160.00 362.7720 263.1737
80.00 200.00 160.00 376.7594 252.9627
60.00 200.00 160.00 382.6627 247.7372
40.00 200.00 160.00 397.5167 241.4404
20.00 200.00 160.00 411.5618 231.8819
0.00 200.00 160.00 420.3446 226.3398
200.00 0.00 200.00 200.4723 188.2304
200.00 20.00 200.00 203.9006 197.1975
200.00 40.00 200.00 218.0944 205.5448
200.00 60.00 200.00 225.8143 214.8222
200.00 80.00 200.00 236.7728 221.5648
200.00 100.00 200.00 242.7855 231.8273
200.00 120.00 200.00 252.9463 241.2137
200.00 140.00 200.00 262.5468 246.2449
200.00 160.00 200.00 274.2960 257.4952
200.00 180.00 200.00 284.0709 264.7642
200.00 200.00 200.00 294.7163 274.3356
180.00 200.00 200.00 311.1519 268.6205
160.00 200.00 200.00 321.4218 259.8697
140.00 200.00 200.00 338.9751 253.4652
120.00 200.00 200.00 349.2695 242.8633
100.00 200.00 200.00 366.5465 234.7863
80.00 200.00 200.00 378.4907 229.8809
60.00 200.00 200.00 389.0922 223.6416
40.00 200.00 200.00 399.4490 215.3312
20.00 200.00 200.00 413.6005 210.8193
0.00 200.00 200.00 422.1625 202.9867
200.00 0.00 240.00 194.1017 162.2468
200.00 20.00 240.00 202.9518 171.4068
200.00 40.00 240.00 210.1890 176.9942
200.00 60.00 240.00 222.7313 185.2530
200.00 80.00 240.00 228.9171 192.3729
200.00 100.00 240.00 239.3358 202.4205
200.00 120.00 240.00 251.4692 210.6034
200.00 140.00 240.00 261.5078 219.5031
200.00 160.00 240.00 275.5043 227.8791
200.00 180.00 240.00 284.0675 238.8301
200.00 200.00 240.00 295.2672 249.4662
180.00 200.00 240.00 309.7382 241.6813
160.00 200.00 240.00 323.4748 233.0268
140.00 200.00 240.00 338.1092 225.4620
120.00 200.00 240.00 349.5506 216.7093
100.00 200.00 240.00 367.2914 209.1885
80.00 200.00 240.00 378.8066 202.3321
60.00 200.00 240.00 391.1694 195.1922
40.00 200.00 240.00 405.0137 189.8630
20.00 200.00 240.00 418.6105 180.6451
0.00 200.00 240.00 425.8887 173.9485
200.00 0.00 280.00 190.6391 136.9769
200.00 20.00 280.00 198.7865 139.4586
200.00 40.00 280.00 204.4807 149.3286
200.00 60.00 280.00 219.0676 160.0787
200.00 80.00 280.00 227.1381 165.4711
200.00 100.00 280.00 235.8207 174.9621
200.00 120.00 280.00 248.1482 181.6205
200.00 140.00 280.00 260.5342 191.8468
200.00 160.00 280.00 269.8906 202.6273
200.00 180.00 280.00 280.9730 211.2296
200.00 200.00 280.00 294.4923 218.6540
180.00 200.00 280.00 310.4136 212.4433
160.00 200.00 280.00 326.4103 204.3822
140.00 200.00 280.00 339.3481 194.6801
120.00 200.00 280.00 356.6628 191.1850
100.00 200.00 280.00 370.0289 182.3334
80.00 200.00 280.00 381.2959 173.9620
60.00 200.00 280.00 392.4893 167.3447
40.00 200.00 280.00 405.6130 158.6835
20.00 200.00 280.00 420.4840 152.4736
0.00 200.00 280.00 432.1126 146.1391
180.00 0.00 300.00 203.3100 115.9957
180.00 20.00 300.00 214.4354 119.8823
180.00 40.00 300.00 220.8359 129.6555
180.00 60.00 300.00 229.8836 136.3045
180.00 80.00 300.00 240.7509 144.0633
180.00 100.00 300.00 251.9486 153.2706
180.00 120.00 300.00 261.2888 161.7058
180.00 140.00 300.00 271.6084 166.6652
180.00 160.00 300.00 288.0217 178.6630
180.00 180.00 300.00 294.8139 187.3439
160.00 0.00 300.00 215.8914 109.1532
160.00 20.00 300.00 223.8565 115.1520
160.00 40.00 300.00 235.7249 125.6667
160.00 60.00 300.00 244.9040 127.2523
160.00 80.00 300.00 254.6654 135.8905
160.00 100.00 300.00 268.4160 143.9692
160.00 120.00 300.00 279.9898 156.9227
160.00 140.00 300.00 286.7408 160.9966
160.00 160.00 300.00 300.9023 169.1679
160.00 180.00 300.00 310.1501 179.6080
140.00 0.00 300.00 229.5237 105.0909
140.00 20.00 300.00 241.5315 110.1283
140.00 40.00 300.00 250.1675 116.8528
140.00 60.00 300.00 256.7645 127.1922
140.00 80.00 300.00 270.3451 129.0821
140.00 100.00 300.00 281.8527 138.8061
140.00 120.00 300.00 291.6739 148.0260
140.00 140.00 300.00 303.8897 154.7308
140.00 160.00 300.00 313.0304 161.9955
140.00 180.00 300.00 327.6743 171.7407
120.00 0.00 300.00 244.4927 98.7038
120.00 20.00 300.00 253.1034 105.0803
120.00 40.00 300.00 262.9942 113.3344
120.00 60.00 300.00 275.7982 115.1014
120.00 80.00 300.00 283.5038 123.8189
120.00 100.00 300.00 293.4988 132.3171
120.00 120.00 300.00 304.9314 140.3516
120.00 140.00 300.00 317.2036 147.9699
120.00 160.00 300.00 329.5476 158.1213
120.00 180.00 300.00 343.9157 163.1083
100.00 0.00 300.00 260.3885 91.4438
100.00 20.00 300.00 266.4187 100.7462
100.00 40.00 300.00 275.2214 105.3153
100.00 60.00 300.00 285.9914 111.8974
100.00 80.00 300.00 297.8771 119.4638
100.00 100.00 300.00 311.2144 127.1776
100.00 120.00 300.00 318.4451 135.6158
100.00 140.00 300.00 331.5609 140.4623
100.00 160.00 300.00 342.2529 150.3635
100.00 180.00 300.00 355.2018 158.3350
80.00 0.00 300.00 268.4737 85.1701
80.00 20.00 300.00 281.2330 94.5009
80.00 40.00 300.00 291.6358 98.8180
80.00 60.00 300.00 300.0184 108.0545
80.00 80.00 300.00 310.1005 113.1572
80.00 100.00 300.00 323.9120 122.0720
80.00 120.00 300.00 333.1392 130.3583
80.00 140.00 300.00 342.9650 136.9984
80.00 160.00 300.00 356.7711 140.6000
80.00 180.00 300.00 370.6637 150.1514
60.00 0.00 300.00 284.8415 80.5483
60.00 20.00 300.00 293.8959 89.2633
60.00 40.00 300.00 303.1703 95.0482
60.00 60.00 300.00 312.5798 101.4263
60.00 80.00 300.00 323.9471 106.6976
60.00 100.00 300.00 335.0187 115.4716
60.00 120.00 300.00 348.2615 123.9630
60.00 140.00 300.00 355.5182 128.1082
60.00 160.00 300.00 371.5315 135.9246
60.00 180.00 300.00 385.3270 144.6995
40.00 0.00 300.00 292.6090 76.5982
40.00 20.00 300.00 307.6355 85.0582
40.00 40.00 300.00 319.0454 92.5689
40.00 60.00 300.00 323.3448 95.8130
40.00 80.00 300.00 339.0463 103.6323
40.00 100.00 300.00 346.6018 111.2552
40.00 120.00 300.00 359.8982 115.2735
40.00 140.00 300.00 370.8879 123.8657
40.00 160.00 300.00 384.3081 128.3757
40.00 180.00 300.00 397.7935 137.2198
20.00 0.00 300.00 306.9763 72.2291
20.00 20.00 300.00 319.4334 79.0524
20.00 40.00 300.00 326.5562 86.0455
20.00 60.00 300.00 337.5161 88.3266
20.00 80.00 300.00 346.8070 95.3493
20.00 100.00 300.00 360.3003 102.3904
20.00 120.00 300.00 370.3707 109.5776
20.00 140.00 300.00 380.7622 115.2074
20.00 160.00 300.00 395.5562 124.5038
20.00 180.00 300.00 410.0194 131.1964
0.00 0.00 300.00 318.9391 68.1105
0.00 20.00 300.00 329.5961 75.3386
0.00 40.00 300.00 339.3631 76.9865
0.00 60.00 300.00 352.8628 84.4786
0.00 80.00 300.00 361.5450 90.7504
0.00 100.00 300.00 371.9722 98.7336
0.00 120.00 300.00 383.3529 104.8373
0.00 140.00 300.00 396.9850 112.3690
0.00 160.00 300.00 411.7756 116.6509
0.00 180.00 300.00 422.8237 124.7486
