200.00 0.00 0.00 214.9064 298.4516
200.00 20.00 0.00 227.8209 309.2874
200.00 40.00 0.00 230.2685 314.2623
200.00 60.00 0.00 238.2363 322.4629
200.00 80.00 0.00 246.4051 330.8702
200.00 100.00 0.00 254.7824 339.4921
200.00 120.00 0.00 263.3763 348.3371
200.00 140.00 0.00 272.1954 357.4137
200.00 160.00 0.00 281.2487 366.7314
200.00 180.00 0.00 290.5455 376.2997
200.00 200.00 0.00 294.6623 387.4211
180.00 200.00 0.00 312.2952 401.1928
160.00 200.00 0.00 323.8924 369.8925
140.00 200.00 0.00 335.3983 362.0418
120.00 200.00 0.00 346.6542 354.3619
100.00 200.00 0.00 357.6679 346.8470
80.00 200.00 0.00 368.4474 339.4921
60.00 200.00 0.00 378.9999 332.2920
40.00 200.00 0.00 389.3326 325.2419
20.00 200.00 0.00 399.4522 318.3372
0.00 200.00 0.00 409.3653 311.5734
200.00 0.00 40.00 211.8791 279.1739
200.00 20.00 40.00 219.6502 286.9701
200.00 40.00 40.00 227.6182 294.9635
200.00 60.00 40.00 235.7904 303.1620
200.00 80.00 40.00 244.1749 311.5734
200.00 100.00 40.00 252.7801 320.2062
200.00 120.00 40.00 261.6147 329.0691
200.00 140.00 40.00 270.6881 338.1716
200.00 160.00 40.00 280.0101 347.5235
200.00 180.00 40.00 290.8405 360.7003
200.00 200.00 40.00 299.4418 367.0176
180.00 200.00 40.00 311.8721 358.7632
160.00 200.00 40.00 324.0173 350.6980
140.00 200.00 40.00 335.8872 342.8158
120.00 200.00 40.00 347.4908 335.1103
100.00 200.00 40.00 358.8372 327.5756
80.00 200.00 40.00 384.8592 324.0966
60.00 200.00 40.00 380.7916 312.9966
40.00 200.00 40.00 391.4155 305.9417
20.00 200.00 40.00 401.8138 299.0367
0.00 200.00 40.00 411.9937 292.2767
200.00 0.00 80.00 208.6721 258.7526
200.00 20.00 80.00 213.6269 263.9124
200.00 40.00 80.00 224.8066 274.4901
200.00 60.00 80.00 233.1936 282.6708
200.00 80.00 80.00 241.8054 291.0706
200.00 100.00 80.00 250.6509 299.6985
200.00 120.00 80.00 259.7399 308.5638
200.00 140.00 80.00 269.0826 317.6766
200.00 160.00 80.00 278.6896 327.0472
200.00 180.00 80.00 288.5725 336.6869
200.00 200.00 80.00 302.1293 340.4192
180.00 200.00 80.00 311.5992 338.3205
160.00 200.00 80.00 324.1506 330.2300
140.00 200.00 80.00 336.4080 322.3290
120.00 200.00 80.00 348.3817 314.6109
100.00 200.00 80.00 360.0814 307.0694
80.00 200.00 80.00 368.2373 280.7250
60.00 200.00 80.00 382.6956 292.4925
40.00 200.00 80.00 393.6275 285.4459
20.00 200.00 80.00 404.3201 278.5536
0.00 200.00 80.00 414.7813 271.8104
200.00 0.00 120.00 208.4839 226.3753
200.00 20.00 120.00 213.4339 244.8032
200.00 40.00 120.00 221.8184 252.7313
200.00 60.00 120.00 211.9301 283.4484
200.00 80.00 120.00 239.2830 269.2450
200.00 100.00 120.00 248.3825 277.8492
200.00 120.00 120.00 257.7408 286.6980
200.00 140.00 120.00 257.6962 337.4945
200.00 160.00 120.00 277.2790 305.1725
200.00 180.00 120.00 287.4834 314.8214
200.00 200.00 120.00 297.9955 324.7611
180.00 200.00 120.00 301.0415 332.1348
160.00 200.00 120.00 324.2930 308.3573
140.00 200.00 120.00 336.9643 300.4532
120.00 200.00 120.00 349.3323 292.7383
100.00 200.00 120.00 347.8076 289.1215
80.00 200.00 120.00 373.2016 277.8492
60.00 200.00 120.00 384.7227 270.6625
40.00 200.00 120.00 395.9809 263.6399
20.00 200.00 120.00 406.9849 256.7759
0.00 200.00 120.00 417.7433 250.0650
200.00 0.00 160.00 201.6514 214.0466
200.00 20.00 160.00 210.0277 221.6981
200.00 40.00 160.00 218.6366 229.5622
200.00 60.00 160.00 227.4881 237.6478
200.00 80.00 160.00 236.5924 245.9645
200.00 100.00 160.00 255.5950 252.8390
200.00 120.00 160.00 255.6044 263.3315
200.00 140.00 160.00 265.5361 272.4039
200.00 160.00 160.00 275.7687 281.7512
200.00 180.00 160.00 286.3162 291.3860
200.00 200.00 160.00 297.1932 301.3220
180.00 200.00 160.00 310.9946 293.0207
160.00 200.00 160.00 324.4456 284.9302
140.00 200.00 160.00 337.5595 277.0424
120.00 200.00 160.00 350.3488 269.3498
100.00 200.00 160.00 362.8254 261.8453
80.00 200.00 160.00 375.0007 254.5221
60.00 200.00 160.00 386.8853 247.3737
40.00 200.00 160.00 398.4897 240.3939
20.00 200.00 160.00 409.8236 233.5767
0.00 200.00 160.00 420.8963 226.9167
200.00 0.00 200.00 197.7982 189.5102
200.00 20.00 200.00 206.3965 197.0672
200.00 40.00 200.00 215.2417 204.8411
200.00 60.00 200.00 224.3445 212.8415
200.00 80.00 200.00 233.7163 221.0783
200.00 100.00 200.00 243.3693 229.5622
200.00 120.00 200.00 253.3163 238.3045
200.00 140.00 200.00 263.5709 247.3172
200.00 160.00 200.00 274.1477 256.6130
200.00 180.00 200.00 285.0620 266.2055
200.00 200.00 200.00 267.4638 304.1782
180.00 200.00 200.00 284.7147 262.3333
160.00 200.00 200.00 324.6094 259.7769
140.00 200.00 200.00 338.1980 251.9289
120.00 200.00 200.00 351.4382 244.2822
100.00 200.00 200.00 364.3433 236.8290
80.00 200.00 200.00 376.9257 229.5622
60.00 200.00 200.00 389.1974 222.4748
40.00 200.00 200.00 401.1698 215.5603
20.00 200.00 200.00 412.8537 208.8124
0.00 200.00 200.00 424.2595 202.2251
200.00 0.00 240.00 193.6856 163.3224
200.00 20.00 240.00 202.5174 170.7542
200.00 40.00 240.00 211.6114 178.4067
200.00 60.00 240.00 220.9797 186.2900
200.00 80.00 240.00 230.6347 194.4146
200.00 100.00 240.00 240.5899 202.7917
200.00 120.00 240.00 250.8595 211.4334
200.00 140.00 240.00 261.4586 220.3524
200.00 160.00 240.00 272.4033 229.5622
200.00 180.00 240.00 283.7108 239.0773
200.00 200.00 240.00 295.3994 248.9132
180.00 200.00 240.00 310.2961 240.6939
160.00 200.00 240.00 324.7857 232.6993
140.00 200.00 240.00 338.8847 224.9201
120.00 200.00 240.00 352.6088 217.3478
100.00 200.00 240.00 365.9727 209.9742
80.00 200.00 240.00 378.9903 202.7917
60.00 200.00 240.00 391.6751 195.7929
40.00 200.00 240.00 404.0395 188.9708
20.00 200.00 240.00 416.0955 182.3189
0.00 200.00 240.00 427.8546 175.8307
200.00 0.00 280.00 189.2866 135.3105
200.00 20.00 280.00 198.3639 142.5806
200.00 40.00 280.00 207.7206 150.0744
200.00 60.00 280.00 217.3696 157.8024
200.00 80.00 280.00 227.3249 165.7757
200.00 100.00 280.00 237.6014 174.0062
200.00 120.00 280.00 248.2148 182.5066
200.00 140.00 280.00 259.1820 191.2903
200.00 160.00 280.00 270.5209 200.3718
200.00 180.00 280.00 282.2509 209.7664
200.00 200.00 280.00 294.3924 219.4907
180.00 200.00 280.00 309.9046 211.3638
160.00 200.00 280.00 324.9760 203.4677
140.00 200.00 280.00 339.6253 195.7929
120.00 200.00 280.00 353.8699 188.3301
100.00 200.00 280.00 367.7264 181.0706
80.00 200.00 280.00 381.2104 174.0062
60.00 200.00 280.00 394.3367 167.1293
40.00 200.00 280.00 407.1194 160.4324
20.00 200.00 280.00 419.5718 153.9085
0.00 200.00 280.00 431.7066 147.5510
180.00 0.00 300.00 201.7697 114.7465
180.00 20.00 300.00 215.7032 119.0209
180.00 40.00 300.00 220.6848 128.9505
180.00 60.00 300.00 230.5879 136.3872
180.00 80.00 300.00 240.8072 144.0612
180.00 100.00 300.00 251.3578 151.9840
180.00 120.00 300.00 262.2563 160.1681
180.00 140.00 300.00 273.5201 168.6265
180.00 160.00 300.00 285.1679 177.3733
180.00 180.00 300.00 318.6999 192.4511
160.00 0.00 300.00 216.2039 109.0766
160.00 20.00 300.00 225.6177 115.8976
160.00 40.00 300.00 235.3190 122.9268
160.00 60.00 300.00 245.3211 130.1740
160.00 80.00 300.00 255.6382 137.6494
160.00 100.00 300.00 266.2855 145.3640
160.00 120.00 300.00 277.2790 153.3296
160.00 140.00 300.00 288.6360 161.5584
160.00 160.00 300.00 300.3747 170.0639
160.00 180.00 300.00 312.5147 178.8601
140.00 0.00 300.00 230.2860 103.5450
140.00 20.00 300.00 224.0413 127.5009
140.00 40.00 300.00 249.5856 117.0544
140.00 60.00 300.00 259.6784 124.1192
140.00 80.00 300.00 270.0851 131.4037
140.00 100.00 300.00 280.8204 138.9183
140.00 120.00 300.00 291.9001 146.6739
140.00 140.00 300.00 303.3411 154.6824
140.00 160.00 300.00 315.1614 162.9564
140.00 180.00 300.00 327.3802 171.5093
120.00 0.00 300.00 244.0288 98.1467
120.00 20.00 300.00 253.6206 104.6405
120.00 40.00 300.00 263.4981 111.3277
120.00 60.00 300.00 273.6741 118.2170
120.00 80.00 300.00 284.1625 125.3178
120.00 100.00 300.00 304.1761 100.5578
120.00 120.00 300.00 306.1354 140.1938
120.00 140.00 300.00 317.6521 147.9907
120.00 160.00 300.00 329.5453 156.0426
120.00 180.00 300.00 341.8338 164.3622
100.00 0.00 300.00 257.4443 92.8769
100.00 20.00 300.00 267.1148 99.2159
100.00 40.00 300.00 277.0696 105.7414
100.00 60.00 300.00 287.3217 112.4616
100.00 80.00 300.00 297.8844 119.3855
100.00 100.00 300.00 308.7721 126.5225
100.00 120.00 300.00 320.0000 133.8825
100.00 140.00 300.00 331.5844 141.4761
100.00 160.00 300.00 343.5425 149.3147
100.00 180.00 300.00 355.8926 157.4103
80.00 0.00 300.00 270.5442 87.7311
80.00 20.00 300.00 280.2868 93.9208
80.00 40.00 300.00 290.3126 100.2903
80.00 60.00 300.00 300.6339 106.8477
80.00 80.00 300.00 311.2640 113.6012
80.00 100.00 300.00 322.2172 120.5600
80.00 120.00 300.00 333.5082 127.7334
80.00 140.00 300.00 345.1529 135.1316
80.00 160.00 300.00 357.1684 142.7652
80.00 180.00 300.00 386.0423 146.1691
60.00 0.00 300.00 283.3395 82.7049
60.00 20.00 300.00 293.1483 88.7505
60.00 40.00 300.00 303.2387 94.9697
60.00 60.00 300.00 313.6230 101.3699
60.00 80.00 300.00 324.3142 107.9594
60.00 100.00 300.00 335.3261 114.7465
60.00 120.00 300.00 346.6735 121.7404
60.00 140.00 300.00 358.3718 128.9505
60.00 160.00 300.00 370.4376 136.3872
60.00 180.00 300.00 382.8884 144.0612
40.00 0.00 300.00 295.8406 77.7944
40.00 20.00 300.00 305.7099 83.7008
40.00 40.00 300.00 315.8592 89.7748
40.00 60.00 300.00 326.3006 96.0236
40.00 80.00 300.00 337.0468 102.4548
40.00 100.00 300.00 348.1114 109.0766
40.00 120.00 300.00 359.5089 115.8976
40.00 140.00 300.00 371.2543 122.9268
40.00 160.00 300.00 394.8138 117.2921
40.00 180.00 300.00 395.8549 137.6494
20.00 0.00 300.00 308.0576 72.9954
20.00 20.00 300.00 317.9821 78.7674
20.00 40.00 300.00 325.5374 69.3170
20.00 60.00 300.00 338.6778 90.8039
20.00 80.00 300.00 340.8326 56.7880
20.00 100.00 300.00 360.5849 103.5450
20.00 120.00 300.00 372.0265 110.1994
20.00 140.00 300.00 383.8131 117.0544
20.00 160.00 300.00 395.9605 124.1192
20.00 180.00 300.00 408.4855 131.4037
0.00 0.00 300.00 320.0000 68.3042
0.00 20.00 300.00 329.9747 73.9464
0.00 40.00 300.00 340.2259 79.7450
0.00 60.00 300.00 350.7651 85.7065
0.00 80.00 300.00 361.6047 91.8379
0.00 100.00 300.00 372.7578 98.1467
0.00 120.00 300.00 368.0195 104.5279
0.00 140.00 300.00 426.5467 84.4914
0.00 160.00 300.00 408.2398 118.2170
0.00 180.00 300.00 420.7931 125.3178
