39.0 20.0 34.0 18.0
84.0 60.0 81.0 59.0
107.0 81.0 105.0 81.0
122.0 95.0 121.0 93.0
161.0 94.0 159.0 92.0
176.0 68.0 172.0 66.0
206.0 13.0 200.0 13.0
198.0 53.0 193.0 52.0
196.0 153.0 192.0 154.0
203.0 215.0 198.0 215.0
179.0 174.0 177.0 174.0
160.0 141.0 159.0 139.0
122.0 139.0 122.0 140.0
101.0 152.0 97.0 152.0
42.0 207.0 37.0 208.0
46.0 122.0 40.0 121.0
52.0 57.0 47.0 57.0
53.0 163.0 48.0 160.0
87.0 199.0 83.0 198.0
114.0 197.0 110.0 197.0
42.0 239.0 35.0 238.0
77.0 240.0 69.0 238.0
112.0 243.0 104.0 243.0
184.0 246.0 177.0 246.0
222.0 246.0 213.0 248.0
